#conductivity coefficent  
#species
9
H              
    6.043E-01   3.004E+00  -3.027E-01   1.293E-02
O  
    2.780E+00   1.445E+00  -1.030E-01   4.405E-03
OH 
    1.654E+01  -4.324E+00   6.963E-01  -3.141E-02
H2 
   1.318E+01  -2.247E+00   3.814E-01  -1.572E-02
O2 
   -2.129E+00   2.990E+00  -2.874E-01   1.241E-02
N2 
    7.599E+00  -1.180E+00   3.030E-01  -1.539E-02
H2O 
   1.629E+01  -5.895E+00   1.089E+00  -5.507E-02
HO2 
   3.744E+00   1.532E-01   1.626E-01  -1.032E-02
H2O2    
   7.093E-01   1.400E+00   8.515E-03  -4.064E-03