 # Reaction data
 # N_spec    N_REAC         ReReac
           9          19           0
 # Species
O         O2        H2        H2O       OH        H         HO2       H2O2      N2        
 ---- Reaction speed k= A*T**b*exp(-E/T) ,   A in mol/cm3,  E in K
 -- Af_type , TrReac,  Fc_troe; ------ (0,1,2  normal, Fall-off, Dual_Arrhenius;  TrReac=1 Three-body)
 #---           1     -------------------------
H+O2=O+OH                                                                                           
    0    0   0.000
        0.355000E+16 -0.4100   8354.3030
   0   1   0   0   0   1   0   0   0
   1   0   0   0   1   0   0   0   0
 #---           2     -------------------------
O+H2=H+OH                                                                                           
    0    0   0.000
        0.508000E+05  2.6700   3165.5762
   1   0   1   0   0   0   0   0   0
   0   0   0   0   1   1   0   0   0
 #---           3     -------------------------
H2+OH=H2O+H                                                                                         
    0    0   0.000
        0.216000E+09  1.5100   1726.2204
   0   0   1   0   1   0   0   0   0
   0   0   0   1   0   1   0   0   0
 #---           4     -------------------------
O+H2O=OH+OH                                                                                         
    0    0   0.000
        0.297000E+07  2.0200   6743.8349
   1   0   0   1   0   0   0   0   0
   0   0   0   0   2   0   0   0   0
 #---           5     -------------------------
H2+M=H+H+M                                                                                          
    0    1   0.000
        0.458000E+20 -1.4000  52531.4545
   0   0   1   0   0   0   0   0   0
   0   0   0   0   0   2   0   0   0
   1.000   1.000   2.500  12.000   1.000   1.000   1.000   1.000   1.000
 #---           6     -------------------------
O+O+M=O2+M                                                                                          
    0    1   0.000
        0.616000E+16 -0.5000      0.0000
   2   0   0   0   0   0   0   0   0
   0   1   0   0   0   0   0   0   0
   1.000   1.000   2.500  12.000   1.000   1.000   1.000   1.000   1.000
 #---           7     -------------------------
O+H+M=OH+M                                                                                          
    0    1   0.000
        0.471000E+19 -1.0000      0.0000
   1   0   0   0   0   1   0   0   0
   0   0   0   0   1   0   0   0   0
   1.000   1.000   2.500  12.000   1.000   1.000   1.000   1.000   1.000
 #---           8     -------------------------
 H+OH+M=H2O+M                                                                                       
    0    1   0.000
        0.380000E+23 -2.0000      0.0000
   0   0   0   0   1   1   0   0   0
   0   0   0   1   0   0   0   0   0
   1.000   1.000   2.500  12.000   1.000   1.000   1.000   1.000   1.000
 #---           9     -------------------------
H+O2+M=HO2+M                                                                                        
    1    1   0.800
        0.637000E+21 -1.7200    261.7011
        0.148000E+13  0.6000      0.0000
   0   1   0   0   0   1   0   0   0
   0   0   0   0   0   0   1   0   0
   1.000   0.780   2.000  11.000   1.000   1.000   1.000   1.000   1.000
 #---          10     -------------------------
HO2+H=H2+O2                                                                                         
    0    0   0.000
        0.166000E+14  0.0000    412.6824
   0   0   0   0   0   1   1   0   0
   0   1   1   0   0   0   0   0   0
 #---          11     -------------------------
HO2+H=OH+OH                                                                                         
    0    0   0.000
        0.708000E+14  0.0000    150.9814
   0   0   0   0   0   1   1   0   0
   0   0   0   0   2   0   0   0   0
 #---          12     -------------------------
HO2+O=OH+O2                                                                                         
    0    0   0.000
        0.325000E+14  0.0000      0.0000
   1   0   0   0   0   0   1   0   0
   0   1   0   0   1   0   0   0   0
 #---          13     -------------------------
HO2+OH=H2O+O2                                                                                       
    0    0   0.000
        0.289000E+14  0.0000   -251.6356
   0   0   0   0   1   0   1   0   0
   0   1   0   1   0   0   0   0   0
 #---          14     -------------------------
HO2+HO2=H2O2+O2                                                                                     
    2    0   0.000
        0.420000E+15  0.0000   6029.1897
        0.130000E+12  0.0000   -850.5284
   0   0   0   0   0   0   2   0   0
   0   1   0   0   0   0   0   1   0
 #---          15     -------------------------
H2O2+M=OH+OH+M                                                                                      
    1    1   0.500
        0.120000E+18  0.0000  22898.8425
        0.295000E+15  0.0000  24358.3291
   0   0   0   0   0   0   0   1   0
   0   0   0   0   2   0   0   0   0
   1.000   1.000   2.500  12.000   1.000   1.000   1.000   1.000   1.000
 #---          16     -------------------------
 H2O2+H=H2O+OH                                                                                      
    0    0   0.000
        0.241000E+14  0.0000   1997.9869
   0   0   0   0   0   1   0   1   0
   0   0   0   1   1   0   0   0   0
 #---          17     -------------------------
H2O2+H=H2+HO2                                                                                       
    0    0   0.000
        0.482000E+14  0.0000   4001.0065
   0   0   0   0   0   1   0   1   0
   0   0   1   0   0   0   1   0   0
 #---          18     -------------------------
H2O2+O=OH+HO2                                                                                       
    0    0   0.000
        0.955000E+07  2.0000   1997.9869
   1   0   0   0   0   0   0   1   0
   0   0   0   0   1   0   1   0   0
 #---          19     -------------------------
H2O2+OH=H2O+HO2                                                                                     
    2    0   0.000
        0.100000E+13  0.0000      0.0000
        0.580000E+15  0.0000   4811.2733
   0   0   0   0   1   0   0   1   0
   0   0   0   1   0   0   1   0   0
