#  Themal character for Species
#   N_TCT         Tct (K)   Tct_max
      2       1000           5000
#    A        B      C        D      E         F         G
#------------------------------------------------------------
    'O'
	0.016
	2.94643d0,  -16.3817d-4,   242.10320d-8,    -160.284d-11,    389.06961d-15,   0.29148d5,    2.96399d0
	2.54206d0,  -0.27551d-4    -0.31028d-8,      0.45511d-11,    -0.43681d-15,    0.29231d5,    4.92031d0
#----------------------------------------------------------	 	   
   'O2'
   0.032
   3.21294d0,   11.27486d-4,   -57.56150d-8,   131.38770d-11,   -876.8554d-15,  -0.01005d5,   6.03474d0
   3.69758d0,   6.13520d-4,    -12.58842d-8,   1.77528d-11,     -1.13644d-15,   -0.01234d5,   3.18917d0
#-----------------------------------------------------------
   'H2'
   0.002
   3.29812d0,   8.24944d-4,    -81.43015d-8,   -9.47543d-11,   413.48718d-15,   -0.01013d5,   -3.29409d0
   2.99142d0,   7.00064d-4,    -5.63383d-8,    -0.92316d-11,   1.58275d-15,     -0.00835d5,   -1.35511d0
#-----------------------------------------------------------
   'H2O'
    0.018
	3.38684d0,  34.74982d-4,   -635.4696d-8,   696.8581d-11,   -2506.588d-15,  -0.30208d5,    2.59023d0
	2.67215d0,  30.56293d-4    -87.30260d-8,   12.00996d-11,   -6.39162d-15,   -0.29899d5,    6.86282d0
#-----------------------------------------------------------
    'OH'
	0.017
	3.63727d0,   1.85091d-4,   -167.6165d-8,   238.72031d-11,   -843.1442d-15,   0.03607d5,   1.35886d0
	2.88273d0,   10.13974d-4,  -22.76877d-8,   2.17468d-11,    -0.51263d-15,     0.03887d5,   5.59571d0
#------------------------------------------------------------
    'H'
    0.001
	2.5d0,   0.d0,  0.d0,   0.d0,  0.d0,   0.25472d5,   -0.46012d0
	2.5d0,   0.d0,  0.d0,   0.d0,  0.d0,   0.25472d5,   -0.46012d0
#-----------------------------------------------------------
  'HO2'
  0.033
  2.97996d0,     49.96697d-4,   -379.0997d-8,   235.41919d-11,  -808.9024d-15,    0.00176d5,  9.22272d0
  4.07219d0,     21.31296d-4,   -53.08145d-8,   6.11227d-11,     -2.84116d-15,   -0.00158d5,  3.47603d0
#-----------------------------------------------------------
   'H2O2'
   0.034
   3.38875d0,    65.69226d-4,   -14.85013d-8,   -462.58060d-11,  2471.515d-15,    -0.17663d5,  6.78536d0
   4.57317d0,    43.36136d-4,   -147.4689d-8,   23.48904d-11,    -14.31654d-15,   -0.18007d5,  0.50114d0     
#-----------------------------------------------------------
 'N2'
  0.028
  3.29868d0,    14.08240d-4,   -396.3222d-8,    564.15149d-11,    -2444.855d-15,   -0.01021d5,  3.95037d0
  2.92664d0,    14.87977d-4,   -56.84761d-8,     10.09704d-11,     -6.75335d-15,   -0.00923d5,  5.98053d0   

#==============================================================================================================



   
