#viscosity coefficent  
#species
9
H                
-1.895E+01   3.004E+00  -3.027E-01   1.293E-02
O                 
-1.401E+01   1.445E+00  -1.030E-01   4.405E-03
OH                
-1.397E+01   1.445E+00  -1.030E-01   4.405E-03
H2                
-1.357E+01   8.840E-01  -3.250E-02   1.467E-03
O2                
-1.602E+01   2.174E+00  -1.981E-01   8.539E-03
N2                
-1.554E+01   1.934E+00  -1.674E-01   7.228E-03
H2O               
-1.494E+01   5.609E-01   1.374E-01  -1.037E-02
HO2               
-1.601E+01   2.174E+00  -1.981E-01   8.539E-03
H2O2              
-1.599E+01   2.174E+00  -1.981E-01   8.539E-03